1 3 3 7 4 6 6 7 9 9 18 27 42 13 24 6 13 11 33 26 7 8 12 29 7 10 62 57 67 15 61 42 22 42 29 35 33 56 51 50 69 59 21 39 33 57 78 23 75 50 15 60 66 20 36 52 62 50 36 56 65 45 44 11 16 25 46 49 33 17 44 55 62 65 14 22 74 44 43 70

3 is inserted
1 3 3 7 4 6 6 7 3 9 18 27 42 13 24 6 13 11 33 26 7 8 12 29 7 10 9 57 67 15 61 42 22 42 29 35 33 56 51 50 69 59 21 39 33 57 78 23 75 50 15 60 66 20 36 52 62 50 36 56 65 45 44 11 16 25 46 49 33 17 44 55 62 65 14 22 74 44 43 70 62

1 is deleted
3 4 3 7 6 6 6 7 3 9 18 27 42 13 24 23 13 11 33 26 7 8 12 29 7 10 9 57 67 15 61 42 22 42 29 35 33 56 51 50 69 59 21 39 33 57 78 62 75 50 15 60 66 20 36 52 62 50 36 56 65 45 44 11 16 25 46 49 33 17 44 55 62 65 14 22 74 44 43 70

10 is inserted
3 4 3 7 6 6 6 7 3 9 18 27 42 13 24 23 13 11 33 26 7 8 12 29 7 10 9 57 67 15 61 42 22 42 29 35 33 56 51 50 69 59 21 39 33 57 78 62 75 50 15 60 66 20 36 52 62 50 36 56 65 45 44 11 16 25 46 49 33 17 44 55 62 65 14 22 74 44 43 70 10

1 is inserted
1 4 3 7 6 6 6 7 3 9 18 27 42 13 24 23 13 11 33 26 7 8 12 29 7 10 3 57 67 15 61 42 22 42 29 35 33 56 51 50 69 59 21 39 33 57 78 62 75 50 15 60 66 20 36 52 62 50 36 56 65 45 44 11 16 25 46 49 33 17 44 55 62 65 14 22 74 44 43 70 10 9

1 is deleted
3 4 3 7 6 6 6 7 3 9 18 27 42 13 24 23 13 11 33 26 7 8 12 29 7 10 9 57 67 15 61 42 22 42 29 35 33 56 51 50 69 59 21 39 33 57 78 62 75 50 15 60 66 20 36 52 62 50 36 56 65 45 44 11 16 25 46 49 33 17 44 55 62 65 14 22 74 44 43 70 10

8 is inserted
3 4 3 7 6 6 6 7 3 9 18 27 42 13 24 23 13 11 33 26 7 8 12 29 7 10 8 57 67 15 61 42 22 42 29 35 33 56 51 50 69 59 21 39 33 57 78 62 75 50 15 60 66 20 36 52 62 50 36 56 65 45 44 11 16 25 46 49 33 17 44 55 62 65 14 22 74 44 43 70 10 9

53 is inserted
3 4 3 7 6 6 6 7 3 9 18 27 42 13 24 23 13 11 33 26 7 8 12 29 7 10 8 53 67 15 61 42 22 42 29 35 33 56 51 50 69 59 21 39 33 57 78 62 75 50 15 60 66 20 36 52 62 50 36 56 65 45 44 11 16 25 46 49 33 17 44 55 62 65 14 22 74 44 43 70 10 9 57
